00111100000000010001000000000001
10001100001011000000000000110000
00100100000000100000000000000100
00111100000000010001000000000001
00110100001001000000000000000000
00000000000000000000000000001100
00100100000000100000000000000101
00000000000000000000000000001100
00000000000000100100000000100001
00100100000000100000000000000100
00111100000000010001000000000001
00110100001001000000000000010100
00000000000000000000000000001100
00001000000100000000000000100000
00100100000000100000000000000100
00111100000000010001000000000001
00110100001001000000000000011111
00000000000000000000000000001100
00100100000000100000000000000001
00111100000000010001000000000001
10001100001001000000000000111100
00000000000000000000000000001100
00100100000000100000000000000100
00111100000000010001000000000001
00110100001001000000000000100110
00000000000000000000000000001100
00100100000000100000000000000001
00111100000000010001000000000001
10001100001001000000000001000000
00000000000000000000000000001100
00100100000000100000000000001010
00000000000000000000000000001100
00010101000000000000000000000001
00001000000100000000000000001110
00111100000000010001000000000001
10001100001010010000000000110100
00100001001010110000000000000000
00100100000000100000000000000001
00100001001001000000000000000000
00000000000000000000000000001100
00100000000000010000000000000010
00000001001000010000000000011010
00000000000000000111100000010010
00000000000000000111100000010000
00100000000000010000000000000000
00010000001011110000000000011100
00111100000000010001000000000001
10001100001011010000000000111100
00100001101011010000000000000001
00111100000000010001000000000001
00110100001001010000000000111100
10101100101011010000000000000000
00001000000100000000000000110101
00100100000000100000000000000100
00111100000000010001000000000001
00110100001001000000000000010010
00000000000000000000000000001100
00111100000000010001000000000001
10001100001010100000000000111000
00000001001010100100100000100000
00000001001011000000000000011010
00000000000000000100100000010000
00111100000000010001000000000001
00110100001001000000000000110100
10101100100010010000000000000000
00000000000010110101000000100001
00000001010011000000000000011010
00000000000000000101000000010000
00111100000000010001000000000001
00110100001001000000000000111000
10101100100010100000000000000000
00100000000000010000000000000001
00000001000000010100000000100010
00001000000100000000000000100000
00111100000000010001000000000001
10001100001011010000000001000000
00100001101011010000000000000001
00111100000000010001000000000001
00110100001001010000000001000000
10101100101011010000000000000000
00001000000100000000000000110101
