00100100000011000000000000000000
00100100000000100000000000000100
00111100000000010001000000000001
00110100001001000000000000000000
00000000000000000000000000001100
00100100000000100000000000000101
00000000000000000000000000001100
00111100000000010001000000000001
10101100001000100000000001111000
00111100000000010001000000000001
10001100001100000000000001111000
00000000000100000100000000100001
00100100000010100000000000000000
00100100000010010000000000001010
00000010000010010000000000011010
00000000000000001000000000010010
00000000000000000101100000010000
00000001010010010000000000011000
00000000000000000101000000010010
00000001010010110101000000100000
00010010000000000000000000000001
00010110000000001111111111111000
00010001010010000000000000000001
00010101010010000000000000000110
00100100000000100000000000000100
00111100000000010001000000000001
00110100001001000000000001000010
00000000000000000000000000001100
00100100000000100000000000001010
00000000000000000000000000001100
00100100000000100000000000000100
00111100000000010001000000000001
00110100001001000000000001011001
00000000000000000000000000001100
00100100000000100000000000001010
00000000000000000000000000001100
