00100100000000100000000000000100
00111100000000010001000000000001
00110100001001000000000000000000
00000000000000000000000000001100
00100100000000100000000000000101
00000000000000000000000000001100
00111100000000010001000000000001
10101100001000100000000000100100
00000000000000101100000000100001
00100100000011110000000000000010
00000001111110000000100000101010
00010000001000000000000000001100
00100100000011100000000000000010
00010001110110000000000000000101
00000011000011100000000000011010
00000000000000000110100000010000
00010001101000000000000000000111
00100001110011100000000000000001
00001000000100000000000000001101
00100100000000100000000000000100
00111100000000010001000000000001
00110100001001000000000000011100
00000000000000000000000000001100
00001000000100000000000000011101
00100100000000100000000000000100
00111100000000010001000000000001
00110100001001000000000000010001
00000000000000000000000000001100
00001000000100000000000000011101
00100100000000100000000000001010
00000000000000000000000000001100
